[gd_scene load_steps=129 format=3 uid="uid://cq02fwl14fcqm"]

[ext_resource type="Script" path="res://active_ragdoll/core/character_body_3d_simple_move.gd" id="1_wbtqt"]
[ext_resource type="Script" path="res://active_ragdoll/core/skeleton_3d_physical_animation.gd" id="3_e20yr"]
[ext_resource type="PackedScene" uid="uid://cqlp44mg01eov" path="res://active_ragdoll/art/models/axe_man/axe_man2.glb" id="3_mkubo"]
[ext_resource type="PackedScene" uid="uid://djs8fxnwvylfy" path="res://active_ragdoll/art/models/archetype_humanoid/archetype_humanoid_animations.glb" id="4_58klu"]
[ext_resource type="PackedScene" uid="uid://cf3xe1k5f1auk" path="res://active_ragdoll/art/models/archetype_humanoid/archetype_humanoid_interpolated.glb" id="5_2es6j"]
[ext_resource type="Script" path="res://active_ragdoll/core/skeleton_3d_interpolated_animation.gd" id="5_tlutm"]

[sub_resource type="CapsuleShape3D" id="CapsuleShape3D_0okid"]
radius = 0.00999907
height = 0.0999907

[sub_resource type="CapsuleShape3D" id="CapsuleShape3D_y5vl7"]
radius = 0.011732
height = 0.11732

[sub_resource type="CapsuleShape3D" id="CapsuleShape3D_hvjey"]
radius = 0.0134588
height = 0.134588

[sub_resource type="CapsuleShape3D" id="CapsuleShape3D_sog25"]
radius = 0.0150534
height = 0.150534

[sub_resource type="CapsuleShape3D" id="CapsuleShape3D_3spo5"]
radius = 0.0107896
height = 0.107896

[sub_resource type="CapsuleShape3D" id="CapsuleShape3D_lf75v"]
radius = 0.0196305
height = 0.196305

[sub_resource type="CapsuleShape3D" id="CapsuleShape3D_aue55"]
radius = 0.0129223
height = 0.129223

[sub_resource type="CapsuleShape3D" id="CapsuleShape3D_vdo6d"]
radius = 0.0274047
height = 0.274047

[sub_resource type="CapsuleShape3D" id="CapsuleShape3D_in2yo"]
radius = 0.0276145
height = 0.276145

[sub_resource type="CapsuleShape3D" id="CapsuleShape3D_xrcya"]
radius = 0.00529807
height = 0.0529807

[sub_resource type="CapsuleShape3D" id="CapsuleShape3D_h8dbk"]
radius = 0.00474788
height = 0.0474788

[sub_resource type="CapsuleShape3D" id="CapsuleShape3D_10ncr"]
radius = 0.00438478
height = 0.0438478

[sub_resource type="CapsuleShape3D" id="CapsuleShape3D_pji6m"]
radius = 0.00346118
height = 0.0346118

[sub_resource type="CapsuleShape3D" id="CapsuleShape3D_jwunf"]
radius = 0.00389197
height = 0.0389197

[sub_resource type="CapsuleShape3D" id="CapsuleShape3D_525q4"]
radius = 0.00341516
height = 0.0341516

[sub_resource type="CapsuleShape3D" id="CapsuleShape3D_co68a"]
radius = 0.00307799
height = 0.0307799

[sub_resource type="CapsuleShape3D" id="CapsuleShape3D_y0fh6"]
radius = 0.00361397
height = 0.0361397

[sub_resource type="CapsuleShape3D" id="CapsuleShape3D_5phks"]
radius = 0.00345976
height = 0.0345976

[sub_resource type="CapsuleShape3D" id="CapsuleShape3D_14wnr"]
radius = 0.00368019
height = 0.0368019

[sub_resource type="CapsuleShape3D" id="CapsuleShape3D_g1ktj"]
radius = 0.00360117
height = 0.0360117

[sub_resource type="CapsuleShape3D" id="CapsuleShape3D_qoecu"]
radius = 0.00330732
height = 0.0330732

[sub_resource type="CapsuleShape3D" id="CapsuleShape3D_mi4t5"]
radius = 0.00366011
height = 0.0366011

[sub_resource type="CapsuleShape3D" id="CapsuleShape3D_1fw71"]
radius = 0.00413667
height = 0.0413667

[sub_resource type="CapsuleShape3D" id="CapsuleShape3D_28a4b"]
radius = 0.00259484
height = 0.0259484

[sub_resource type="CapsuleShape3D" id="CapsuleShape3D_ttt4m"]
radius = 0.00292387
height = 0.0292387

[sub_resource type="CapsuleShape3D" id="CapsuleShape3D_kxago"]
radius = 0.00474499
height = 0.0474499

[sub_resource type="CapsuleShape3D" id="CapsuleShape3D_3p4d6"]
radius = 0.00438212
height = 0.0438212

[sub_resource type="CapsuleShape3D" id="CapsuleShape3D_srt04"]
radius = 0.00389197
height = 0.0389197

[sub_resource type="CapsuleShape3D" id="CapsuleShape3D_1yi13"]
radius = 0.00341516
height = 0.0341516

[sub_resource type="CapsuleShape3D" id="CapsuleShape3D_72aso"]
radius = 0.00361397
height = 0.0361397

[sub_resource type="CapsuleShape3D" id="CapsuleShape3D_asb7f"]
radius = 0.00345976
height = 0.0345976

[sub_resource type="CapsuleShape3D" id="CapsuleShape3D_kuukm"]
radius = 0.00360117
height = 0.0360117

[sub_resource type="CapsuleShape3D" id="CapsuleShape3D_6ninp"]
radius = 0.00330732
height = 0.0330732

[sub_resource type="CapsuleShape3D" id="CapsuleShape3D_oko3g"]
radius = 0.00413667
height = 0.0413667

[sub_resource type="CapsuleShape3D" id="CapsuleShape3D_qx05f"]
radius = 0.00259484
height = 0.0259484

[sub_resource type="CapsuleShape3D" id="CapsuleShape3D_c4815"]
radius = 0.0129223
height = 0.129223

[sub_resource type="CapsuleShape3D" id="CapsuleShape3D_8y6qe"]
radius = 0.0274047
height = 0.274047

[sub_resource type="CapsuleShape3D" id="CapsuleShape3D_pdcki"]
radius = 0.0276145
height = 0.276145

[sub_resource type="CapsuleShape3D" id="CapsuleShape3D_8du3b"]
radius = 0.00529807
height = 0.0529807

[sub_resource type="CapsuleShape3D" id="CapsuleShape3D_86rjd"]
radius = 0.00474783
height = 0.0474783

[sub_resource type="CapsuleShape3D" id="CapsuleShape3D_tfn8m"]
radius = 0.00438481
height = 0.0438481

[sub_resource type="CapsuleShape3D" id="CapsuleShape3D_30kmi"]
radius = 0.00346116
height = 0.0346116

[sub_resource type="CapsuleShape3D" id="CapsuleShape3D_5pj3x"]
radius = 0.00389197
height = 0.0389197

[sub_resource type="CapsuleShape3D" id="CapsuleShape3D_7tj3k"]
radius = 0.00341516
height = 0.0341516

[sub_resource type="CapsuleShape3D" id="CapsuleShape3D_7qimr"]
radius = 0.00307799
height = 0.0307799

[sub_resource type="CapsuleShape3D" id="CapsuleShape3D_nenn6"]
radius = 0.00361398
height = 0.0361398

[sub_resource type="CapsuleShape3D" id="CapsuleShape3D_3lnse"]
radius = 0.00345976
height = 0.0345976

[sub_resource type="CapsuleShape3D" id="CapsuleShape3D_33k7k"]
radius = 0.00368019
height = 0.0368019

[sub_resource type="CapsuleShape3D" id="CapsuleShape3D_xg5bf"]
radius = 0.0036012
height = 0.036012

[sub_resource type="CapsuleShape3D" id="CapsuleShape3D_wuukv"]
radius = 0.00330731
height = 0.0330731

[sub_resource type="CapsuleShape3D" id="CapsuleShape3D_6g5vj"]
radius = 0.00366012
height = 0.0366012

[sub_resource type="CapsuleShape3D" id="CapsuleShape3D_ki7oj"]
radius = 0.00413664
height = 0.0413664

[sub_resource type="CapsuleShape3D" id="CapsuleShape3D_7mvkl"]
radius = 0.00259484
height = 0.0259484

[sub_resource type="CapsuleShape3D" id="CapsuleShape3D_y22rx"]
radius = 0.00292388
height = 0.0292388

[sub_resource type="CapsuleShape3D" id="CapsuleShape3D_qe5os"]
radius = 0.00474495
height = 0.0474495

[sub_resource type="CapsuleShape3D" id="CapsuleShape3D_8jfdj"]
radius = 0.00438215
height = 0.0438215

[sub_resource type="CapsuleShape3D" id="CapsuleShape3D_q7qkg"]
radius = 0.00389197
height = 0.0389197

[sub_resource type="CapsuleShape3D" id="CapsuleShape3D_a0gts"]
radius = 0.00341516
height = 0.0341516

[sub_resource type="CapsuleShape3D" id="CapsuleShape3D_fs8db"]
radius = 0.00361398
height = 0.0361398

[sub_resource type="CapsuleShape3D" id="CapsuleShape3D_svvo3"]
radius = 0.00345976
height = 0.0345976

[sub_resource type="CapsuleShape3D" id="CapsuleShape3D_beccy"]
radius = 0.0036012
height = 0.036012

[sub_resource type="CapsuleShape3D" id="CapsuleShape3D_lfpx1"]
radius = 0.00330731
height = 0.0330731

[sub_resource type="CapsuleShape3D" id="CapsuleShape3D_hyyte"]
radius = 0.00413664
height = 0.0413664

[sub_resource type="CapsuleShape3D" id="CapsuleShape3D_1vj38"]
radius = 0.00259484
height = 0.0259484

[sub_resource type="CapsuleShape3D" id="CapsuleShape3D_t7l4i"]
radius = 0.0405994
height = 0.405994

[sub_resource type="CapsuleShape3D" id="CapsuleShape3D_4joeo"]
radius = 0.042099
height = 0.42099

[sub_resource type="CapsuleShape3D" id="CapsuleShape3D_q5vk6"]
radius = 0.0157216
height = 0.157216

[sub_resource type="CapsuleShape3D" id="CapsuleShape3D_6sehw"]
radius = 0.01
height = 0.1

[sub_resource type="CapsuleShape3D" id="CapsuleShape3D_w6jp7"]
radius = 0.0405994
height = 0.405994

[sub_resource type="CapsuleShape3D" id="CapsuleShape3D_og4yb"]
radius = 0.042099
height = 0.42099

[sub_resource type="CapsuleShape3D" id="CapsuleShape3D_4m312"]
radius = 0.0157216
height = 0.157216

[sub_resource type="CapsuleShape3D" id="CapsuleShape3D_nm8e3"]
radius = 0.01
height = 0.1

[sub_resource type="CapsuleShape3D" id="CapsuleShape3D_kvtbs"]
radius = 0.0997919
height = 0.997919

[sub_resource type="CapsuleShape3D" id="CapsuleShape3D_du35i"]
radius = 0.0108627
height = 0.108627

[sub_resource type="CapsuleShape3D" id="CapsuleShape3D_7nmok"]
radius = 0.0108627
height = 0.108627

[sub_resource type="CapsuleShape3D" id="CapsuleShape3D_b7sqx"]
radius = 0.0405994
height = 0.405994

[sub_resource type="CapsuleShape3D" id="CapsuleShape3D_2i8q7"]
radius = 0.0405994
height = 0.405994

[sub_resource type="CapsuleShape3D" id="CapsuleShape3D_d1sia"]
radius = 0.042099
height = 0.42099

[sub_resource type="CapsuleShape3D" id="CapsuleShape3D_6bkf4"]
radius = 1.79732e-09
height = 1.79732e-08

[sub_resource type="CapsuleShape3D" id="CapsuleShape3D_ebcau"]
radius = 0.0157216
height = 0.157216

[sub_resource type="CapsuleShape3D" id="CapsuleShape3D_4jrsl"]
radius = 0.0405995
height = 0.405995

[sub_resource type="CapsuleShape3D" id="CapsuleShape3D_x3lan"]
radius = 0.0405995
height = 0.405995

[sub_resource type="CapsuleShape3D" id="CapsuleShape3D_8fo1x"]
radius = 0.042099
height = 0.42099

[sub_resource type="CapsuleShape3D" id="CapsuleShape3D_od2ig"]
radius = 1.61869e-09
height = 1.61869e-08

[sub_resource type="CapsuleShape3D" id="CapsuleShape3D_yk5nn"]
radius = 0.0157216
height = 0.157216

[sub_resource type="CapsuleShape3D" id="CapsuleShape3D_yfy8b"]
radius = 0.011732
height = 0.11732

[sub_resource type="CapsuleShape3D" id="CapsuleShape3D_xrrud"]
radius = 0.0134588
height = 0.134588

[sub_resource type="CapsuleShape3D" id="CapsuleShape3D_jqiwq"]
radius = 0.0150534
height = 0.150534

[sub_resource type="CapsuleShape3D" id="CapsuleShape3D_3bx1g"]
radius = 0.0107896
height = 0.107896

[sub_resource type="CapsuleShape3D" id="CapsuleShape3D_3rchn"]
radius = 0.0129223
height = 0.129223

[sub_resource type="CapsuleShape3D" id="CapsuleShape3D_udmhr"]
radius = 0.0274047
height = 0.274047

[sub_resource type="CapsuleShape3D" id="CapsuleShape3D_k7h50"]
radius = 0.0274047
height = 0.274047

[sub_resource type="CapsuleShape3D" id="CapsuleShape3D_1te2o"]
radius = 0.0276145
height = 0.276145

[sub_resource type="CapsuleShape3D" id="CapsuleShape3D_5l3p2"]
radius = 0.0129223
height = 0.129223

[sub_resource type="CapsuleShape3D" id="CapsuleShape3D_5jtmt"]
radius = 0.0274047
height = 0.274047

[sub_resource type="CapsuleShape3D" id="CapsuleShape3D_5fvds"]
radius = 0.0274047
height = 0.274047

[sub_resource type="CapsuleShape3D" id="CapsuleShape3D_m8nta"]
radius = 0.0276145
height = 0.276145

[sub_resource type="CapsuleShape3D" id="CapsuleShape3D_ary58"]
radius = 1.2214e-09
height = 1.2214e-08

[sub_resource type="CapsuleShape3D" id="CapsuleShape3D_teovu"]
radius = 1.55255e-09
height = 1.55255e-08

[sub_resource type="CapsuleShape3D" id="CapsuleShape3D_13gxo"]
radius = 6.70172e-10
height = 6.70172e-09

[sub_resource type="CapsuleShape3D" id="CapsuleShape3D_joobv"]
radius = 0.005
height = 0.05

[sub_resource type="CapsuleShape3D" id="CapsuleShape3D_spp2l"]
radius = 0.00943294
height = 0.0943294

[sub_resource type="CapsuleShape3D" id="CapsuleShape3D_atbde"]
radius = 0.00471647
height = 0.0471647

[sub_resource type="CapsuleShape3D" id="CapsuleShape3D_jf7m3"]
radius = 0.0239658
height = 0.239658

[sub_resource type="CapsuleShape3D" id="CapsuleShape3D_voy48"]
radius = 3.98797e-09
height = 3.98797e-08

[sub_resource type="CapsuleShape3D" id="CapsuleShape3D_dt8oi"]
radius = 0.0157216
height = 0.157216

[sub_resource type="CapsuleShape3D" id="CapsuleShape3D_evfjr"]
radius = 6.37742e-10
height = 6.37742e-09

[sub_resource type="CapsuleShape3D" id="CapsuleShape3D_flxpb"]
radius = 1.53298e-09
height = 1.53298e-08

[sub_resource type="CapsuleShape3D" id="CapsuleShape3D_sk4dp"]
radius = 1.41013e-09
height = 1.41013e-08

[sub_resource type="CapsuleShape3D" id="CapsuleShape3D_7tx81"]
radius = 0.005
height = 0.05

[sub_resource type="CapsuleShape3D" id="CapsuleShape3D_tt4ub"]
radius = 0.00943294
height = 0.0943293

[sub_resource type="CapsuleShape3D" id="CapsuleShape3D_wa4ws"]
radius = 0.00471647
height = 0.0471647

[sub_resource type="CapsuleShape3D" id="CapsuleShape3D_epmp8"]
radius = 0.0239658
height = 0.239658

[sub_resource type="CapsuleShape3D" id="CapsuleShape3D_pmkov"]
radius = 1.94299e-09
height = 1.94299e-08

[sub_resource type="CapsuleShape3D" id="CapsuleShape3D_8l4by"]
radius = 0.0157216
height = 0.157216

[sub_resource type="CapsuleShape3D" id="CapsuleShape3D_k0bat"]
radius = 0.059
height = 1.2756

[sub_resource type="AnimationNodeAnimation" id="AnimationNodeAnimation_ynqoe"]
animation = &"Idle"

[sub_resource type="AnimationNodeAnimation" id="AnimationNodeAnimation_kh525"]
animation = &"Run_Forward"

[sub_resource type="AnimationNodeAnimation" id="AnimationNodeAnimation_772oc"]
animation = &"Run_Back"

[sub_resource type="AnimationNodeAnimation" id="AnimationNodeAnimation_nyb77"]
animation = &"Walk_Left"

[sub_resource type="AnimationNodeAnimation" id="AnimationNodeAnimation_fsyti"]
animation = &"Walk_Right"

[sub_resource type="AnimationNodeBlendSpace2D" id="AnimationNodeBlendSpace2D_8x2sh"]
blend_point_0/node = SubResource("AnimationNodeAnimation_ynqoe")
blend_point_0/pos = Vector2(0, 0)
blend_point_1/node = SubResource("AnimationNodeAnimation_kh525")
blend_point_1/pos = Vector2(0, 1)
blend_point_2/node = SubResource("AnimationNodeAnimation_772oc")
blend_point_2/pos = Vector2(0, -1)
blend_point_3/node = SubResource("AnimationNodeAnimation_nyb77")
blend_point_3/pos = Vector2(-1, 0)
blend_point_4/node = SubResource("AnimationNodeAnimation_fsyti")
blend_point_4/pos = Vector2(1, 0)

[node name="Node3D" type="CharacterBody3D" node_paths=PackedStringArray("anim_tree")]
script = ExtResource("1_wbtqt")
anim_tree = NodePath("archetype_humanoid_animations/AnimationTree")

[node name="archetype_humanoid" parent="." instance=ExtResource("3_mkubo")]

[node name="PhysicalGeneralSkeleton" parent="archetype_humanoid/Armature" index="0" node_paths=PackedStringArray("target_skeleton")]
script = ExtResource("3_e20yr")
target_skeleton = NodePath("../../../archetype_humanoid_animations/Armature/AnimationGeneralSkeleton")

[node name="Physical Bone Hips" type="PhysicalBone3D" parent="archetype_humanoid/Armature/PhysicalGeneralSkeleton" index="2"]
transform = Transform3D(1, 6.60598e-06, 8.17027e-07, 0, 0.122745, -0.992438, -6.65632e-06, 0.992438, 0.122745, -1.08418e-07, 1.04754, -0.00613601)
joint_offset = Transform3D(1, 0, 0, 0, 1, 0, 0, 0, 1, 1.77215e-13, -2.09114e-08, 0.0499954)
body_offset = Transform3D(1, 6.60598e-06, 8.17027e-07, 0, 0.122745, -0.992438, -6.65632e-06, 0.992438, 0.122745, -4.08476e-08, 0.0496173, -0.00613666)
bone_name = "Hips"

[node name="CollisionShape3D" type="CollisionShape3D" parent="archetype_humanoid/Armature/PhysicalGeneralSkeleton/Physical Bone Hips"]
transform = Transform3D(1, 0, 0, 0, 0, 1, 0, -1, 0, 0, 0, 0)
shape = SubResource("CapsuleShape3D_0okid")

[node name="Physical Bone Spine" type="PhysicalBone3D" parent="archetype_humanoid/Armature/PhysicalGeneralSkeleton" index="3"]
transform = Transform3D(1, 0.000810894, 9.90402e-05, 0, 0.121236, -0.992624, -0.00081692, 0.992623, 0.121236, -5.95896e-06, 1.15538, -0.0193844)
joint_type = 1
joint_offset = Transform3D(1, 0, 0, 0, 1, 0, 0, 0, 1, -5.06037e-12, -8.42004e-10, 0.05866)
body_offset = Transform3D(1, 0.000810894, 9.90402e-05, 0, 0.121236, -0.992624, -0.00081692, 0.992623, 0.121236, -5.80969e-06, 0.0582273, -0.0071117)
bone_name = "Spine"
joint_constraints/bias = 0.3
joint_constraints/damping = 1.0
joint_constraints/impulse_clamp = 0.0

[node name="CollisionShape3D" type="CollisionShape3D" parent="archetype_humanoid/Armature/PhysicalGeneralSkeleton/Physical Bone Spine"]
transform = Transform3D(1, 0, 0, 0, 0, 1, 0, -1, 0, 0, 0, 0)
shape = SubResource("CapsuleShape3D_y5vl7")

[node name="Physical Bone Chest" type="PhysicalBone3D" parent="archetype_humanoid/Armature/PhysicalGeneralSkeleton" index="4"]
transform = Transform3D(1, 0.000660539, 8.04133e-05, 0, 0.120847, -0.992671, -0.000665416, 0.992671, 0.120847, -1.718e-05, 1.28041, -0.0346284)
joint_type = 1
joint_offset = Transform3D(1, 0, 0, 0, 1, 0, 0, 0, 1, 1.6071e-11, -2.19271e-08, 0.0672942)
body_offset = Transform3D(1, 0.000660539, 8.04133e-05, 0, 0.120847, -0.992671, -0.000665416, 0.992671, 0.120847, -5.41135e-06, 0.066801, -0.00813228)
bone_name = "Chest"
joint_constraints/bias = 0.3
joint_constraints/damping = 1.0
joint_constraints/impulse_clamp = 0.0

[node name="CollisionShape3D" type="CollisionShape3D" parent="archetype_humanoid/Armature/PhysicalGeneralSkeleton/Physical Bone Chest"]
transform = Transform3D(1, 0, 0, 0, 0, 1, 0, -1, 0, 0, 0, 0)
shape = SubResource("CapsuleShape3D_hvjey")

[node name="Physical Bone UpperChest" type="PhysicalBone3D" parent="archetype_humanoid/Armature/PhysicalGeneralSkeleton" index="5"]
transform = Transform3D(-0.999999, 0.00162986, 8.5969e-05, 0, 0.0526731, -0.998612, -0.00163212, -0.99861, -0.052673, -2.9062e-05, 1.42237, -0.0387961)
joint_type = 1
joint_offset = Transform3D(1, 0, 0, 0, 1, 0, 0, 0, 1, -5.46181e-12, -1.86283e-09, 0.0752669)
body_offset = Transform3D(-0.999999, 0.00162986, 8.5969e-05, 0, 0.0526731, -0.998612, -0.00163212, -0.99861, -0.052673, -6.47062e-06, 0.0751624, 0.00396453)
bone_name = "UpperChest"
joint_constraints/bias = 0.3
joint_constraints/damping = 1.0
joint_constraints/impulse_clamp = 0.0

[node name="CollisionShape3D" type="CollisionShape3D" parent="archetype_humanoid/Armature/PhysicalGeneralSkeleton/Physical Bone UpperChest"]
transform = Transform3D(1, 0, 0, 0, 0, 1, 0, -1, 0, 0, 0, 0)
shape = SubResource("CapsuleShape3D_sog25")

[node name="Physical Bone Neck" type="PhysicalBone3D" parent="archetype_humanoid/Armature/PhysicalGeneralSkeleton" index="6"]
transform = Transform3D(1, 1.01606e-35, -4.51402e-20, -4.51402e-20, 2.25089e-16, -1, 0, 1, 2.25089e-16, -3.55326e-05, 1.55148, -0.0348316)
joint_type = 1
joint_offset = Transform3D(1, 0, 0, 0, 1, 0, 0, 0, 1, 2.43522e-21, 1.73471e-18, 0.0539479)
body_offset = Transform3D(1, 1.01606e-35, -4.51402e-20, -4.51402e-20, 2.25089e-16, -1, 0, 1, 2.25089e-16, 0, 0.0539479, -1.38778e-17)
bone_name = "Neck"
joint_constraints/bias = 0.3
joint_constraints/damping = 1.0
joint_constraints/impulse_clamp = 0.0

[node name="CollisionShape3D" type="CollisionShape3D" parent="archetype_humanoid/Armature/PhysicalGeneralSkeleton/Physical Bone Neck"]
transform = Transform3D(1, 0, 0, 0, 0, 1, 0, -1, 0, 0, 0, 0)
shape = SubResource("CapsuleShape3D_3spo5")

[node name="Physical Bone Head" type="PhysicalBone3D" parent="archetype_humanoid/Armature/PhysicalGeneralSkeleton" index="7"]
transform = Transform3D(-1, -0.000180643, -8.91864e-06, 0, 0.0493117, -0.998783, 0.000180863, -0.998783, -0.0493117, -3.46572e-05, 1.70346, -0.0299915)
joint_type = 1
joint_offset = Transform3D(1, 0, 0, 0, 1, 0, 0, 0, 1, 3.87287e-13, 6.92051e-10, 0.0981524)
body_offset = Transform3D(-1, -0.000180643, -8.91864e-06, 0, 0.0493117, -0.998783, 0.000180863, -0.998783, -0.0493117, 8.75386e-07, 0.0980329, 0.00484006)
bone_name = "Head"
joint_constraints/bias = 0.3
joint_constraints/damping = 1.0
joint_constraints/impulse_clamp = 0.0

[node name="CollisionShape3D" type="CollisionShape3D" parent="archetype_humanoid/Armature/PhysicalGeneralSkeleton/Physical Bone Head"]
transform = Transform3D(1, 0, 0, 0, 0, 1, 0, -1, 0, 0, 0, 0)
shape = SubResource("CapsuleShape3D_lf75v")

[node name="Physical Bone LeftShoulder" type="PhysicalBone3D" parent="archetype_humanoid/Armature/PhysicalGeneralSkeleton" index="8"]
transform = Transform3D(0, 0.202315, -0.97932, -0.994857, 0.099199, 0.0204932, 0.101294, 0.974283, 0.201274, 0.124303, 1.437, -0.0487098)
joint_type = 1
joint_offset = Transform3D(1, 0, 0, 0, 1, 0, 0, 0, 1, -5.11421e-09, -7.3909e-09, 0.0646115)
body_offset = Transform3D(0.101294, 0.974283, 0.201274, 0, 0.202315, -0.97932, -0.994857, 0.099199, 0.0204932, -0.0130046, 0.0632753, -0.0013241)
bone_name = "LeftShoulder"
joint_constraints/bias = 0.3
joint_constraints/damping = 1.0
joint_constraints/impulse_clamp = 0.0

[node name="CollisionShape3D" type="CollisionShape3D" parent="archetype_humanoid/Armature/PhysicalGeneralSkeleton/Physical Bone LeftShoulder"]
transform = Transform3D(1, 0, 0, 0, 0, 1, 0, -1, 0, 0, 0, 0)
shape = SubResource("CapsuleShape3D_aue55")

[node name="Physical Bone LeftUpperArm" type="PhysicalBone3D" parent="archetype_humanoid/Armature/PhysicalGeneralSkeleton" index="9"]
transform = Transform3D(0, 0.000911585, -1, -0.995136, -0.0985147, -8.98046e-05, -0.0985148, 0.995135, 0.000907151, 0.324601, 1.43568, -0.0618387)
joint_type = 1
joint_offset = Transform3D(1, 0, 0, 0, 1, 0, 0, 0, 1, -3.99131e-11, 4.46768e-10, 0.137023)
body_offset = Transform3D(0.0985148, -0.995135, -0.000907151, 0, 0.000911585, -1, 0.995136, 0.0985147, 8.98046e-05, 0.000124301, 0.137023, -1.23053e-05)
bone_name = "LeftUpperArm"
joint_constraints/bias = 0.3
joint_constraints/damping = 1.0
joint_constraints/impulse_clamp = 0.0

[node name="CollisionShape3D" type="CollisionShape3D" parent="archetype_humanoid/Armature/PhysicalGeneralSkeleton/Physical Bone LeftUpperArm"]
transform = Transform3D(1, 0, 0, 0, 0, 1, 0, -1, 0, 0, 0, 0)
shape = SubResource("CapsuleShape3D_vdo6d")

[node name="Physical Bone LeftLowerArm" type="PhysicalBone3D" parent="archetype_humanoid/Armature/PhysicalGeneralSkeleton" index="10"]
transform = Transform3D(0, 0.000904726, -1, 0.99517, -0.0981643, -8.88118e-05, -0.0981643, -0.99517, -0.000900356, 0.599697, 1.43571, -0.0618387)
joint_type = 1
joint_offset = Transform3D(1, 0, 0, 0, 1, 0, 0, 0, 1, -7.22262e-11, 5.37174e-11, 0.138072)
body_offset = Transform3D(-0.99517, 0.0981643, 8.88118e-05, 0, 0.000904726, -1, -0.0981643, -0.99517, -0.000900356, -1.22625e-05, 0.138072, 0.000124314)
bone_name = "LeftLowerArm"
joint_constraints/bias = 0.3
joint_constraints/damping = 1.0
joint_constraints/impulse_clamp = 0.0

[node name="CollisionShape3D" type="CollisionShape3D" parent="archetype_humanoid/Armature/PhysicalGeneralSkeleton/Physical Bone LeftLowerArm"]
transform = Transform3D(1, 0, 0, 0, 0, 1, 0, -1, 0, 0, 0, 0)
shape = SubResource("CapsuleShape3D_in2yo")

[node name="Physical Bone LeftHand" type="PhysicalBone3D" parent="archetype_humanoid/Armature/PhysicalGeneralSkeleton" index="11"]
transform = Transform3D(0, 0.698952, -0.715168, 0.810934, 0.418471, 0.408983, 0.585137, -0.579954, -0.566805, 0.756715, 1.42489, -0.0466995)
joint_type = 1
joint_offset = Transform3D(1, 0, 0, 0, 1, 0, 0, 0, 1, -2.40305e-08, -1.41299e-08, 0.0264904)
body_offset = Transform3D(-0.585137, 0.579954, 0.566805, 0, 0.698952, -0.715168, -0.810934, -0.418471, -0.408983, -0.0150149, 0.0189451, 0.0108341)
bone_name = "LeftHand"
joint_constraints/bias = 0.3
joint_constraints/damping = 1.0
joint_constraints/impulse_clamp = 0.0

[node name="CollisionShape3D" type="CollisionShape3D" parent="archetype_humanoid/Armature/PhysicalGeneralSkeleton/Physical Bone LeftHand"]
transform = Transform3D(1, 0, 0, 0, 0, 1, 0, -1, 0, 0, 0, 0)
shape = SubResource("CapsuleShape3D_xrcya")

[node name="Physical Bone LeftThumbMetacarpal" type="PhysicalBone3D" parent="archetype_humanoid/Armature/PhysicalGeneralSkeleton" index="12"]
transform = Transform3D(-1.03882e-16, 0.577, -0.816, 1, 2.2191e-16, -3.80008e-18, 1.87841e-16, -0.816, -0.577, 0.795031, 1.41405, -0.017987)
visible = false
joint_type = 1
joint_offset = Transform3D(1, 0, 0, 0, 1, 0, 0, 0, 1, 1.40721e-18, -3.27796e-16, 0.0237394)
body_offset = Transform3D(1, -4.75979e-28, -5.92775e-17, -5.92775e-17, -2.22045e-16, -1, 2.21867e-31, 1, -2.22045e-16, 0, 0.0237394, 3.33067e-16)
bone_name = "LeftThumbMetacarpal"
joint_constraints/bias = 0.3
joint_constraints/damping = 1.0
joint_constraints/impulse_clamp = 0.0

[node name="CollisionShape3D" type="CollisionShape3D" parent="archetype_humanoid/Armature/PhysicalGeneralSkeleton/Physical Bone LeftThumbMetacarpal"]
transform = Transform3D(1, 0, 0, 0, 0, 1, 0, -1, 0, 0, 0, 0)
shape = SubResource("CapsuleShape3D_h8dbk")

[node name="Physical Bone LeftThumbProximal" type="PhysicalBone3D" parent="archetype_humanoid/Armature/PhysicalGeneralSkeleton" index="13"]
transform = Transform3D(2.85509e-06, 0.577003, -0.815998, 1, -1.39967e-11, 3.49888e-06, 2.01885e-06, -0.815998, -0.577003, 0.832292, 1.41405, 0.00836076)
visible = false
joint_type = 1
joint_offset = Transform3D(1, 0, 0, 0, 1, 0, 0, 0, 1, -9.51911e-14, -6.95137e-14, 0.0219239)
body_offset = Transform3D(1, -1.39969e-11, 3.49888e-06, 3.49888e-06, 4.0004e-06, -1, 0, 1, 4.0004e-06, -7.6709e-08, 0.0219239, -8.77043e-08)
bone_name = "LeftThumbProximal"
joint_constraints/bias = 0.3
joint_constraints/damping = 1.0
joint_constraints/impulse_clamp = 0.0

[node name="CollisionShape3D" type="CollisionShape3D" parent="archetype_humanoid/Armature/PhysicalGeneralSkeleton/Physical Bone LeftThumbProximal"]
transform = Transform3D(1, 0, 0, 0, 0, 1, 0, -1, 0, 0, 0, 0)
shape = SubResource("CapsuleShape3D_10ncr")

[node name="Physical Bone LeftThumbDistal" type="PhysicalBone3D" parent="archetype_humanoid/Armature/PhysicalGeneralSkeleton" index="14"]
transform = Transform3D(1.0754e-05, 0.577007, -0.815995, 1, -1.17266e-10, 1.31789e-05, 7.60423e-06, -0.815995, -0.577007, 0.864304, 1.41405, 0.0309966)
visible = false
joint_type = 1
joint_offset = Transform3D(1, 0, 0, 0, 1, 0, 0, 0, 1, -7.25557e-13, -1.09063e-13, 0.0173059)
body_offset = Transform3D(1, -1.17266e-10, 1.31789e-05, 1.31789e-05, 8.89807e-06, -1, -8.47033e-22, 1, 8.89807e-06, -2.28072e-07, 0.0173059, -1.53989e-07)
bone_name = "LeftThumbDistal"
joint_constraints/bias = 0.3
joint_constraints/damping = 1.0
joint_constraints/impulse_clamp = 0.0

[node name="CollisionShape3D" type="CollisionShape3D" parent="archetype_humanoid/Armature/PhysicalGeneralSkeleton/Physical Bone LeftThumbDistal"]
transform = Transform3D(1, 0, 0, 0, 0, 1, 0, -1, 0, 0, 0, 0)
shape = SubResource("CapsuleShape3D_pji6m")

[node name="Physical Bone LeftIndexProximal" type="PhysicalBone3D" parent="archetype_humanoid/Armature/PhysicalGeneralSkeleton" index="15"]
transform = Transform3D(9.66143e-06, 8.5542e-05, -1, 0, -1, -8.5542e-05, -1, 8.26458e-10, -9.66143e-06, 0.879896, 1.43342, -0.0334938)
joint_type = 1
joint_offset = Transform3D(1, 0, 0, 0, 1, 0, 0, 0, 1, 5.04485e-13, -2.11536e-13, 0.0194598)
body_offset = Transform3D(1, -8.26458e-10, 9.66143e-06, 9.66143e-06, 8.5542e-05, -1, 0, 1, 8.5542e-05, -1.8801e-07, 0.0194598, -1.66463e-06)
bone_name = "LeftIndexProximal"
joint_constraints/bias = 0.3
joint_constraints/damping = 1.0
joint_constraints/impulse_clamp = 0.0

[node name="CollisionShape3D" type="CollisionShape3D" parent="archetype_humanoid/Armature/PhysicalGeneralSkeleton/Physical Bone LeftIndexProximal"]
transform = Transform3D(1, 0, 0, 0, 0, 1, 0, -1, 0, 0, 0, 0)
shape = SubResource("CapsuleShape3D_jwunf")

[node name="Physical Bone LeftIndexIntermediate" type="PhysicalBone3D" parent="archetype_humanoid/Armature/PhysicalGeneralSkeleton" index="16"]
transform = Transform3D(-2.86132e-06, 9.16712e-05, -1, 0, -1, -9.16712e-05, -1, -2.62301e-10, 2.86132e-06, 0.916432, 1.43342, -0.0334937)
joint_type = 1
joint_offset = Transform3D(1, 0, 0, 0, 1, 0, 0, 0, 1, 2.80543e-14, 9.23106e-13, 0.0170758)
body_offset = Transform3D(1, 2.62301e-10, -2.86132e-06, -2.86132e-06, 9.16712e-05, -1, 0, 1, 9.16712e-05, 4.88593e-08, 0.0170758, -1.56536e-06)
bone_name = "LeftIndexIntermediate"
joint_constraints/bias = 0.3
joint_constraints/damping = 1.0
joint_constraints/impulse_clamp = 0.0

[node name="CollisionShape3D" type="CollisionShape3D" parent="archetype_humanoid/Armature/PhysicalGeneralSkeleton/Physical Bone LeftIndexIntermediate"]
transform = Transform3D(1, 0, 0, 0, 0, 1, 0, -1, 0, 0, 0, 0)
shape = SubResource("CapsuleShape3D_525q4")

[node name="Physical Bone LeftIndexDistal" type="PhysicalBone3D" parent="archetype_humanoid/Armature/PhysicalGeneralSkeleton" index="17"]
transform = Transform3D(-3.00224e-06, 9.06158e-05, -1, 0, -1, -9.06158e-05, -1, -2.7205e-10, 3.00224e-06, 0.948897, 1.43342, -0.0334938)
joint_type = 1
joint_offset = Transform3D(1, 0, 0, 0, 1, 0, 0, 0, 1, 7.35995e-14, -7.16208e-12, 0.01539)
body_offset = Transform3D(1, 2.7205e-10, -3.00224e-06, -3.00224e-06, 9.06158e-05, -1, 0, 1, 9.06158e-05, 4.62044e-08, 0.01539, -1.39457e-06)
bone_name = "LeftIndexDistal"
joint_constraints/bias = 0.3
joint_constraints/damping = 1.0
joint_constraints/impulse_clamp = 0.0

[node name="CollisionShape3D" type="CollisionShape3D" parent="archetype_humanoid/Armature/PhysicalGeneralSkeleton/Physical Bone LeftIndexDistal"]
transform = Transform3D(1, 0, 0, 0, 0, 1, 0, -1, 0, 0, 0, 0)
shape = SubResource("CapsuleShape3D_co68a")

[node name="Physical Bone LeftMiddleProximal" type="PhysicalBone3D" parent="archetype_humanoid/Armature/PhysicalGeneralSkeleton" index="18"]
transform = Transform3D(1.22111e-07, 8.99215e-05, -1, 0, -1, -8.99215e-05, -1, 1.09804e-11, -1.22111e-07, 0.883595, 1.43573, -0.0617142)
joint_type = 1
joint_offset = Transform3D(1, 0, 0, 0, 1, 0, 0, 0, 1, -1.34636e-15, 6.47941e-12, 0.0180698)
body_offset = Transform3D(1, -1.09804e-11, 1.22111e-07, 1.22111e-07, 8.99215e-05, -1, 0, 1, 8.99215e-05, -2.20652e-09, 0.0180698, -1.62487e-06)
bone_name = "LeftMiddleProximal"
joint_constraints/bias = 0.3
joint_constraints/damping = 1.0
joint_constraints/impulse_clamp = 0.0

[node name="CollisionShape3D" type="CollisionShape3D" parent="archetype_humanoid/Armature/PhysicalGeneralSkeleton/Physical Bone LeftMiddleProximal"]
transform = Transform3D(1, 0, 0, 0, 0, 1, 0, -1, 0, 0, 0, 0)
shape = SubResource("CapsuleShape3D_y0fh6")

[node name="Physical Bone LeftMiddleIntermediate" type="PhysicalBone3D" parent="archetype_humanoid/Armature/PhysicalGeneralSkeleton" index="19"]
transform = Transform3D(-8.02919e-06, 8.74807e-05, -1, 0, -1, -8.74807e-05, -1, -7.02399e-10, 8.02919e-06, 0.918963, 1.43574, -0.0617144)
joint_type = 1
joint_offset = Transform3D(1, 0, 0, 0, 1, 0, 0, 0, 1, 3.51971e-13, -1.13318e-12, 0.0172988)
body_offset = Transform3D(1, 7.02399e-10, -8.02919e-06, -8.02919e-06, 8.74807e-05, -1, 0, 1, 8.74807e-05, 1.38895e-07, 0.0172988, -1.51331e-06)
bone_name = "LeftMiddleIntermediate"
joint_constraints/bias = 0.3
joint_constraints/damping = 1.0
joint_constraints/impulse_clamp = 0.0

[node name="CollisionShape3D" type="CollisionShape3D" parent="archetype_humanoid/Armature/PhysicalGeneralSkeleton/Physical Bone LeftMiddleIntermediate"]
transform = Transform3D(1, 0, 0, 0, 0, 1, 0, -1, 0, 0, 0, 0)
shape = SubResource("CapsuleShape3D_5phks")

[node name="Physical Bone LeftMiddleDistal" type="PhysicalBone3D" parent="archetype_humanoid/Armature/PhysicalGeneralSkeleton" index="20"]
transform = Transform3D(8.41957e-06, 8.73507e-05, -1, 0, -1, -8.73507e-05, -1, 7.35456e-10, -8.41957e-06, 0.954663, 1.43574, -0.0617144)
joint_type = 1
joint_offset = Transform3D(1, 0, 0, 0, 1, 0, 0, 0, 1, 3.34385e-13, 8.50436e-12, 0.0184009)
body_offset = Transform3D(1, -7.35456e-10, 8.41957e-06, 8.41957e-06, 8.73507e-05, -1, 0, 1, 8.73507e-05, -1.54928e-07, 0.0184009, -1.60734e-06)
bone_name = "LeftMiddleDistal"
joint_constraints/bias = 0.3
joint_constraints/damping = 1.0
joint_constraints/impulse_clamp = 0.0

[node name="CollisionShape3D" type="CollisionShape3D" parent="archetype_humanoid/Armature/PhysicalGeneralSkeleton/Physical Bone LeftMiddleDistal"]
transform = Transform3D(1, 0, 0, 0, 0, 1, 0, -1, 0, 0, 0, 0)
shape = SubResource("CapsuleShape3D_14wnr")

[node name="Physical Bone LeftRingProximal" type="PhysicalBone3D" parent="archetype_humanoid/Armature/PhysicalGeneralSkeleton" index="21"]
transform = Transform3D(9.2007e-06, 8.79519e-05, -1, 0, -1, -8.79519e-05, -1, 8.09219e-10, -9.2007e-06, 0.877246, 1.43583, -0.0838806)
joint_type = 1
joint_offset = Transform3D(1, 0, 0, 0, 1, 0, 0, 0, 1, 1.15863e-13, -3.11618e-12, 0.0180059)
body_offset = Transform3D(1, -8.09219e-10, 9.2007e-06, 9.2007e-06, 8.79519e-05, -1, 0, 1, 8.79519e-05, -1.65667e-07, 0.0180059, -1.58365e-06)
bone_name = "LeftRingProximal"
joint_constraints/bias = 0.3
joint_constraints/damping = 1.0
joint_constraints/impulse_clamp = 0.0

[node name="CollisionShape3D" type="CollisionShape3D" parent="archetype_humanoid/Armature/PhysicalGeneralSkeleton/Physical Bone LeftRingProximal"]
transform = Transform3D(1, 0, 0, 0, 0, 1, 0, -1, 0, 0, 0, 0)
shape = SubResource("CapsuleShape3D_g1ktj")

[node name="Physical Bone LeftRingIntermediate" type="PhysicalBone3D" parent="archetype_humanoid/Armature/PhysicalGeneralSkeleton" index="22"]
transform = Transform3D(-6.99546e-06, 9.09141e-05, -1, 0, -1, -9.09141e-05, -1, -6.35986e-10, 6.99546e-06, 0.911788, 1.43584, -0.0838805)
joint_type = 1
joint_offset = Transform3D(1, 0, 0, 0, 1, 0, 0, 0, 1, 1.23835e-13, -1.06012e-13, 0.0165366)
body_offset = Transform3D(1, 6.35986e-10, -6.99546e-06, -6.99546e-06, 9.09141e-05, -1, 0, 1, 9.09141e-05, 1.15681e-07, 0.0165366, -1.50341e-06)
bone_name = "LeftRingIntermediate"
joint_constraints/bias = 0.3
joint_constraints/damping = 1.0
joint_constraints/impulse_clamp = 0.0

[node name="CollisionShape3D" type="CollisionShape3D" parent="archetype_humanoid/Armature/PhysicalGeneralSkeleton/Physical Bone LeftRingIntermediate"]
transform = Transform3D(1, 0, 0, 0, 0, 1, 0, -1, 0, 0, 0, 0)
shape = SubResource("CapsuleShape3D_qoecu")

[node name="Physical Bone LeftRingDistal" type="PhysicalBone3D" parent="archetype_humanoid/Armature/PhysicalGeneralSkeleton" index="23"]
transform = Transform3D(-3.84302e-08, 8.80746e-05, -1, 0, -1, -8.80746e-05, -1, -3.38472e-12, 3.84302e-08, 0.946625, 1.43584, -0.0838806)
joint_type = 1
joint_offset = Transform3D(1, 0, 0, 0, 1, 0, 0, 0, 1, 1.71175e-15, 1.97515e-12, 0.0183006)
body_offset = Transform3D(1, 3.38472e-12, -3.84302e-08, -3.84302e-08, 8.80746e-05, -1, 0, 1, 8.80746e-05, 7.03294e-10, 0.0183006, -1.61182e-06)
bone_name = "LeftRingDistal"
joint_constraints/bias = 0.3
joint_constraints/damping = 1.0
joint_constraints/impulse_clamp = 0.0

[node name="CollisionShape3D" type="CollisionShape3D" parent="archetype_humanoid/Armature/PhysicalGeneralSkeleton/Physical Bone LeftRingDistal"]
transform = Transform3D(1, 0, 0, 0, 0, 1, 0, -1, 0, 0, 0, 0)
shape = SubResource("CapsuleShape3D_mi4t5")

[node name="Physical Bone LeftLittleProximal" type="PhysicalBone3D" parent="archetype_humanoid/Armature/PhysicalGeneralSkeleton" index="24"]
transform = Transform3D(0, 0.000293957, -1, 0.959069, -0.283172, -8.32403e-05, -0.283172, -0.959069, -0.000281925, 0.867535, 1.43347, -0.108967)
joint_type = 1
joint_offset = Transform3D(1, 0, 0, 0, 1, 0, 0, 0, 1, -5.47795e-12, 2.29253e-12, 0.0206833)
body_offset = Transform3D(0.283172, 0.959069, 0.000281925, 0, 0.000293957, -1, -0.959069, 0.283172, 8.32403e-05, -5.83114e-06, 0.0206833, -1.72169e-06)
bone_name = "LeftLittleProximal"
joint_constraints/bias = 0.3
joint_constraints/damping = 1.0
joint_constraints/impulse_clamp = 0.0

[node name="CollisionShape3D" type="CollisionShape3D" parent="archetype_humanoid/Armature/PhysicalGeneralSkeleton/Physical Bone LeftLittleProximal"]
transform = Transform3D(1, 0, 0, 0, 0, 1, 0, -1, 0, 0, 0, 0)
shape = SubResource("CapsuleShape3D_1fw71")

[node name="Physical Bone LeftLittleIntermediate" type="PhysicalBone3D" parent="archetype_humanoid/Armature/PhysicalGeneralSkeleton" index="25"]
transform = Transform3D(0, 0.000465166, -1, -0.977048, -0.213021, -9.909e-05, -0.213021, 0.977048, 0.000454489, 0.901193, 1.43347, -0.108967)
joint_type = 1
joint_offset = Transform3D(1, 0, 0, 0, 1, 0, 0, 0, 1, -3.14598e-12, -1.89751e-12, 0.0129742)
body_offset = Transform3D(0.213021, -0.977048, -0.000454489, 0, 0.000465166, -1, 0.977048, 0.213021, 9.909e-05, 5.89663e-06, 0.0129742, -1.28561e-06)
bone_name = "LeftLittleIntermediate"
joint_constraints/bias = 0.3
joint_constraints/damping = 1.0
joint_constraints/impulse_clamp = 0.0

[node name="CollisionShape3D" type="CollisionShape3D" parent="archetype_humanoid/Armature/PhysicalGeneralSkeleton/Physical Bone LeftLittleIntermediate"]
transform = Transform3D(1, 0, 0, 0, 0, 1, 0, -1, 0, 0, 0, 0)
shape = SubResource("CapsuleShape3D_28a4b")

[node name="Physical Bone LeftLittleDistal" type="PhysicalBone3D" parent="archetype_humanoid/Armature/PhysicalGeneralSkeleton" index="26"]
transform = Transform3D(5.531e-06, 8.12552e-05, -1, 0, -1, -8.12552e-05, -1, 4.49423e-10, -5.531e-06, 0.928786, 1.43348, -0.108973)
joint_type = 1
joint_offset = Transform3D(1, 0, 0, 0, 1, 0, 0, 0, 1, -1.01405e-13, -2.27096e-12, 0.0146194)
body_offset = Transform3D(1, -4.49423e-10, 5.531e-06, 5.531e-06, 8.12552e-05, -1, 0, 1, 8.12552e-05, -8.08598e-08, 0.0146194, -1.1879e-06)
bone_name = "LeftLittleDistal"
joint_constraints/bias = 0.3
joint_constraints/damping = 1.0
joint_constraints/impulse_clamp = 0.0

[node name="CollisionShape3D" type="CollisionShape3D" parent="archetype_humanoid/Armature/PhysicalGeneralSkeleton/Physical Bone LeftLittleDistal"]
transform = Transform3D(1, 0, 0, 0, 0, 1, 0, -1, 0, 0, 0, 0)
shape = SubResource("CapsuleShape3D_ttt4m")

[node name="Physical Bone Ctrl_Thumb1_Left" type="PhysicalBone3D" parent="archetype_humanoid/Armature/PhysicalGeneralSkeleton" index="27"]
transform = Transform3D(0, 0.632407, -0.774636, 0.707156, 0.547713, 0.447149, 0.707058, -0.547788, -0.44721, 0.794038, 1.40344, -0.0210746)
joint_type = 1
joint_offset = Transform3D(1, 0, 0, 0, 1, 0, 0, 0, 1, -3.7316e-08, 4.26543e-08, 0.023725)
body_offset = Transform3D(-0.707058, 0.547788, 0.44721, 0, 0.632407, -0.774636, -0.707156, -0.547713, -0.447149, -0.0106101, 0.0183782, 0.0106086)
bone_name = "Ctrl_Thumb1_Left"
joint_constraints/bias = 0.3
joint_constraints/damping = 1.0
joint_constraints/impulse_clamp = 0.0

[node name="CollisionShape3D" type="CollisionShape3D" parent="archetype_humanoid/Armature/PhysicalGeneralSkeleton/Physical Bone Ctrl_Thumb1_Left"]
transform = Transform3D(1, 0, 0, 0, 0, 1, 0, -1, 0, 0, 0, 0)
shape = SubResource("CapsuleShape3D_kxago")

[node name="Physical Bone Ctrl_Thumb2_Left" type="PhysicalBone3D" parent="archetype_humanoid/Armature/PhysicalGeneralSkeleton" index="28"]
transform = Transform3D(0, 0.632412, -0.774633, 0.707155, 0.54771, 0.447152, 0.707058, -0.547785, -0.447213, 0.829389, 1.38304, -0.00066586)
joint_type = 1
joint_offset = Transform3D(1, 0, 0, 0, 1, 0, 0, 0, 1, -2.44259e-09, -2.41048e-08, 0.0219106)
body_offset = Transform3D(-0.707058, 0.547785, 0.447213, 0, 0.632412, -0.774633, -0.707155, -0.54771, -0.447152, -0.0097987, 0.0169727, 0.00979736)
bone_name = "Ctrl_Thumb2_Left"
joint_constraints/bias = 0.3
joint_constraints/damping = 1.0
joint_constraints/impulse_clamp = 0.0

[node name="CollisionShape3D" type="CollisionShape3D" parent="archetype_humanoid/Armature/PhysicalGeneralSkeleton/Physical Bone Ctrl_Thumb2_Left"]
transform = Transform3D(1, 0, 0, 0, 0, 1, 0, -1, 0, 0, 0, 0)
shape = SubResource("CapsuleShape3D_3p4d6")

[node name="Physical Bone Ctrl_Index1_Left" type="PhysicalBone3D" parent="archetype_humanoid/Armature/PhysicalGeneralSkeleton" index="29"]
transform = Transform3D(9.66143e-06, 8.5542e-05, -1, 0, -1, -8.5542e-05, -1, 8.26458e-10, -9.66143e-06, 0.879896, 1.43342, -0.0334938)
joint_type = 1
joint_offset = Transform3D(1, 0, 0, 0, 1, 0, 0, 0, 1, 5.04485e-13, -2.11536e-13, 0.0194598)
body_offset = Transform3D(1, -8.26458e-10, 9.66143e-06, 9.66143e-06, 8.5542e-05, -1, 0, 1, 8.5542e-05, -1.8801e-07, 0.0194598, -1.66463e-06)
bone_name = "Ctrl_Index1_Left"
joint_constraints/bias = 0.3
joint_constraints/damping = 1.0
joint_constraints/impulse_clamp = 0.0

[node name="CollisionShape3D" type="CollisionShape3D" parent="archetype_humanoid/Armature/PhysicalGeneralSkeleton/Physical Bone Ctrl_Index1_Left"]
transform = Transform3D(1, 0, 0, 0, 0, 1, 0, -1, 0, 0, 0, 0)
shape = SubResource("CapsuleShape3D_srt04")

[node name="Physical Bone Ctrl_Index2_Left" type="PhysicalBone3D" parent="archetype_humanoid/Armature/PhysicalGeneralSkeleton" index="30"]
